750
125 27 130 28
70 14 71 19
140 30 143 32
148 8 159 8
93 36 95 39
78 23 83 24
151 14 162 14
142 16 147 17
113 16 114 21
53 6 53 17
22 50 23 55
84 29 86 32
43 53 44 58
88 27 88 38
54 45 65 45
171 44 171 55
105 34 107 37
78 6 81 8
49 3 49 14
24 47 27 49
39 37 41 40
140 38 141 43
122 30 127 31
52 53 54 56
8 12 13 13
53 2 55 5
105 48 105 59
65 20 76 20
24 3 27 5
89 18 94 19
97 29 98 34
36 11 39 13
19 42 22 44
102 45 107 46
74 6 75 11
155 18 155 29
76 28 81 29
148 24 150 27
49 24 54 25
149 48 149 59
79 17 80 22
2 27 4 30
61 44 72 44
91 47 92 52
28 37 31 39
113 45 113 56
108 34 111 36
104 0 104 11
31 30 36 31
94 49 95 54
18 43 18 54
165 55 168 57
146 2 147 7
160 34 163 36
46 31 51 32
46 18 49 20
145 19 147 22
0 53 1 58
123 44 128 45
68 40 79 40
126 13 129 15
129 49 132 51
63 30 64 35
165 20 165 31
158 24 161 26
151 38 151 49
178 14 178 25
77 47 82 48
98 1 101 3
169 35 170 40
102 51 104 54
44 35 45 40
149 37 150 42
12 29 23 29
83 13 88 14
50 11 50 22
110 5 121 5
15 1 17 4
27 15 30 17
145 29 145 40
119 50 120 55
118 35 120 38
122 24 124 27
8 43 10 46
97 5 99 8
166 48 167 53
66 37 77 37
7 17 12 18
59 2 60 7
118 15 121 17
11 46 14 48
133 1 134 6
119 6 120 11
23 41 26 43
99 48 104 49
4 37 5 42
13 34 15 37
166 27 177 27
1 47 6 48
178 2 179 7
122 0 123 5
138 43 139 48
28 2 31 4
4 14 5 19
123 9 125 12
4 23 15 23
54 13 55 18
131 55 134 57
17 24 28 24
28 53 30 56
77 39 88 39
63 24 65 27
20 23 31 23
114 35 114 46
29 22 40 22
54 20 57 22
37 49 48 49
135 0 136 5
141 17 141 28
35 48 46 48
173 46 178 47
125 37 130 38
81 52 84 54
17 31 17 42
149 21 152 23
20 10 22 13
7 32 10 34
142 0 153 0
84 57 89 58
159 49 161 52
93 13 98 14
130 59 141 59
95 43 97 46
52 42 53 47
100 7 100 18
113 30 113 41
157 56 160 58
19 3 19 14
109 19 111 22
10 3 11 8
71 29 74 31
89 4 89 15
77 15 82 16
125 19 136 19
121 40 132 40
54 8 57 10
41 7 43 10
135 56 140 57
60 53 71 53
40 25 40 36
23 0 23 11
36 41 47 41
82 33 85 35
41 42 42 47
167 28 168 33
72 51 83 51
101 24 112 24
31 52 42 52
171 5 172 10
121 52 122 57
12 7 15 9
85 40 87 43
147 54 148 59
148 30 150 33
133 35 136 37
101 41 112 41
174 23 177 25
172 52 175 54
135 7 138 9
65 54 66 59
106 7 117 7
75 21 76 26
151 55 153 58
10 25 13 27
90 20 92 23
82 1 93 1
167 21 170 23
95 27 96 32
99 20 99 31
170 44 170 55
132 7 133 12
60 43 71 43
54 1 65 1
102 28 102 39
124 48 135 48
168 12 171 14
40 2 43 4
107 56 109 59
30 41 32 44
117 41 128 41
46 50 48 53
50 51 51 56
175 12 176 17
40 11 42 14
57 26 58 31
58 38 60 41
101 20 106 21
168 1 179 1
61 2 61 13
93 58 98 59
137 28 139 31
67 33 78 33
166 6 168 9
173 10 174 15
116 13 117 18
136 14 139 16
67 6 70 8
143 3 144 8
67 54 72 55
103 26 105 29
74 14 76 17
26 6 29 8
2 2 2 13
165 8 165 19
32 2 34 5
91 24 92 29
84 46 87 48
73 2 78 3
111 0 114 2
16 13 16 24
91 34 92 39
45 5 45 16
117 24 118 29
35 1 46 1
133 49 136 51
173 58 178 59
65 28 65 39
162 19 164 22
79 42 81 45
82 9 85 11
122 32 127 33
11 19 13 22
151 1 162 1
107 10 108 15
67 45 72 46
66 1 68 4
12 28 23 28
25 36 36 36
67 57 70 59
112 10 114 13
158 37 159 42
63 48 66 50
32 9 34 12
166 38 167 43
107 0 110 2
163 37 165 40
47 27 49 30
110 26 112 29
38 19 41 21
126 3 127 8
106 50 111 51
3 6 4 11
85 53 90 54
171 17 174 19
63 42 74 42
73 46 76 48
61 16 63 19
31 56 36 57
114 52 116 55
161 59 172 59
67 49 70 51
143 38 144 43
159 9 164 10
95 42 106 42
84 17 85 22
63 21 66 23
79 53 80 58
27 12 30 14
172 34 175 36
69 22 71 25
166 10 166 21
30 24 35 25
141 13 152 13
61 24 62 29
73 49 78 50
167 18 170 20
14 57 19 58
7 53 9 56
146 35 151 36
163 0 164 5
93 40 104 40
149 3 152 5
32 37 34 40
138 10 140 13
129 44 132 46
64 7 66 10
86 22 89 24
106 8 111 9
123 39 134 39
50 35 53 37
45 54 46 59
24 18 27 20
89 38 89 49
177 40 178 45
158 28 163 29
20 2 22 5
56 35 59 37
0 34 3 36
169 4 170 9
123 52 134 52
20 20 23 22
43 45 46 47
143 54 146 56
55 24 60 25
28 49 31 51
90 2 95 3
154 6 165 6
109 14 112 16
161 15 164 17
82 40 83 45
153 15 153 26
77 13 82 14
6 36 11 37
32 16 33 21
175 48 177 51
117 19 119 22
9 49 14 50
171 31 171 42
140 2 141 7
156 23 156 34
116 46 119 48
130 14 135 15
46 35 47 40
62 41 73 41
162 53 164 56
5 51 10 52
116 58 127 58
58 54 60 57
153 51 155 54
18 35 29 35
101 4 102 9
20 30 23 32
137 34 142 35
0 19 3 21
5 3 6 8
129 20 134 21
91 53 93 56
0 16 3 18
35 3 35 14
123 29 134 29
158 11 161 13
148 2 159 2
73 4 78 5
45 24 46 29
116 0 121 1
94 20 96 23
108 4 119 4
143 9 154 9
29 26 30 31
46 10 47 15
59 46 64 47
101 22 106 23
121 34 123 37
75 34 80 35
125 23 127 26
125 34 130 35
4 31 6 34
173 37 176 39
152 44 155 46
103 38 108 39
95 7 96 12
59 8 59 19
51 9 52 14
17 17 22 18
116 43 119 45
104 25 115 25
24 54 25 59
146 42 147 47
67 11 70 13
7 26 9 29
156 45 156 56
167 2 172 3
154 32 154 43
4 43 7 45
150 11 155 12
125 47 136 47
127 16 132 17
5 1 10 2
131 41 136 42
62 54 64 57
172 28 173 33
142 48 145 50
29 0 34 1
97 51 100 53
1 0 1 11
169 56 174 57
41 27 43 30
113 59 124 59
117 32 120 34
105 2 105 13
58 4 58 15
79 30 81 33
136 23 139 25
172 43 175 45
106 26 108 29
149 15 151 18
24 7 25 12
128 3 131 5
175 5 176 10
54 38 55 43
152 30 152 41
76 10 81 11
123 15 124 20
34 19 37 21
34 27 37 29
40 55 42 58
85 4 88 6
38 27 39 32
140 44 141 49
157 53 160 55
55 55 57 58
97 54 99 57
43 11 43 22
20 57 23 59
115 8 117 11
134 11 137 13
51 33 56 34
173 2 174 7
55 50 57 53
27 41 29 44
158 17 159 22
96 36 99 38
5 57 10 58
71 10 73 13
87 27 87 38
8 6 9 11
95 24 98 26
59 27 60 32
74 0 85 0
11 0 22 0
50 3 52 6
20 46 21 51
44 21 47 23
157 26 157 37
154 19 154 30
48 1 48 12
20 38 23 40
161 58 172 58
16 40 16 51
121 7 122 12
77 25 80 27
62 6 63 11
11 40 12 45
91 5 91 16
11 31 14 33
44 2 47 4
101 13 104 15
36 17 41 18
66 38 77 38
66 34 69 36
143 11 148 12
142 44 144 47
167 44 169 47
136 53 139 55
48 39 51 41
174 32 179 33
103 32 108 33
130 8 131 13
37 43 39 46
80 2 85 3
161 37 161 48
147 23 147 34
137 36 142 37
15 52 17 55
0 22 0 33
25 33 36 33
12 51 14 54
137 39 139 42
110 23 121 23
143 57 146 59
36 37 38 40
2 24 7 25
124 53 129 54
86 7 87 12
143 23 144 28
0 41 3 43
62 2 65 4
1 49 6 50
62 0 73 0
142 14 147 15
73 57 78 58
179 16 179 27
90 42 93 44
129 22 131 25
125 0 128 2
131 31 133 34
148 42 148 53
36 7 38 10
66 29 68 32
41 33 46 34
106 16 108 19
31 45 33 48
119 26 121 29
141 51 142 56
164 43 165 48
70 26 73 28
140 18 140 29
91 30 94 32
46 0 57 0
162 40 162 51
51 26 54 28
17 19 19 22
108 43 110 46
176 28 179 30
66 26 69 28
23 25 28 26
137 3 139 6
134 44 137 46
123 49 126 51
52 49 54 52
134 17 139 18
81 17 83 20
135 29 136 34
115 36 117 39
12 5 17 6
97 15 99 18
31 13 34 15
159 31 164 32
42 35 43 40
67 52 78 52
124 55 127 57
80 59 91 59
24 0 27 2
30 58 35 59
120 44 121 49
26 9 31 10
126 43 137 43
14 10 14 21
151 24 152 29
153 32 153 43
69 1 80 1
179 47 179 58
101 43 106 44
73 53 75 56
25 37 27 40
155 36 156 41
167 15 172 16
175 19 177 22
177 35 179 38
71 3 72 8
145 23 146 28
107 6 118 6
81 25 86 26
101 17 104 19
71 34 74 36
7 20 10 22
51 16 52 21
75 42 78 44
117 49 118 54
167 24 170 26
49 47 51 50
32 50 43 50
37 15 42 16
157 41 157 52
36 23 41 24
56 39 57 44
150 48 150 59
108 52 110 55
93 5 94 10
113 26 116 28
154 15 157 17
159 3 162 5
131 58 142 58
37 53 42 54
65 16 68 18
80 36 85 37
18 34 29 34
93 33 96 35
3 51 4 56
110 30 112 33
176 54 178 57
57 33 62 34
58 21 61 23
7 15 12 16
62 36 64 39
19 45 19 56
6 38 8 41
11 56 13 59
74 12 85 12
177 5 177 16
154 7 165 7
0 37 3 39
164 34 167 36
58 51 63 52
18 36 23 37
55 46 57 49
128 7 129 12
129 0 132 2
56 13 57 18
31 6 34 8
169 28 170 33
101 47 112 47
99 32 101 35
34 34 39 35
92 7 92 17
103 0 103 10
18 2 18 12
72 14 73 18
46 5 47 9
168 49 169 53
37 2 38 6
112 48 112 57
165 0 166 4
20 52 21 56
96 0 97 4
5 9 6 13
90 32 90 41
172 40 176 41
60 14 69 14
83 55 87 56
50 29 54 30
91 41 100 41
0 59 9 59
77 17 78 21
100 19 100 28
43 43 47 44
142 18 143 22
168 34 168 43
103 55 104 59
141 8 142 12
148 14 148 23
84 44 88 45
48 33 49 37
89 25 89 34
146 48 147 52
124 3 125 7
138 50 140 52
49 44 51 46
158 33 166 33
7 3 7 11
71 59 79 59
75 30 77 32
31 53 33 55
118 12 120 14
152 47 154 49
172 48 174 50
93 21 93 29
42 18 42 26
151 59 159 59
122 42 130 42
0 0 0 8
15 10 17 12
35 0 42 0
20 6 21 9
77 53 78 56
71 47 72 50
122 16 122 23
149 43 150 46
149 19 152 20
0 45 0 52
122 13 125 14
83 16 90 16
1 26 1 33
95 16 96 19
128 55 129 58
15 30 16 33
55 28 56 31
115 15 115 22
49 1 52 2
8 24 15 24
159 45 160 48
97 19 98 22
106 48 109 49
82 27 83 30
110 56 111 59
79 38 86 38
129 30 130 33
39 3 39 10
137 19 138 22
86 2 89 3
26 58 29 59
61 40 67 40
142 1 142 7
122 43 122 49
93 45 93 51
158 46 158 52
115 42 121 42
66 39 72 39
107 42 113 42
52 32 58 32
45 42 51 42
94 43 94 48
111 43 113 44
100 55 102 56
48 15 49 17
26 21 28 22
69 29 70 31
100 29 101 31
40 5 42 6
126 18 131 18
2 57 4 58
112 8 114 9
1 46 6 46
18 30 19 32
167 10 169 11
155 30 155 35
93 15 94 17
145 41 145 46
126 9 127 11
48 43 48 48
142 38 142 43
158 15 160 16
0 10 0 15
169 41 170 43
34 53 35 55
53 19 58 19
56 2 57 4
64 51 66 52
74 18 76 19
43 24 44 26
73 45 78 45
146 29 146 34
86 17 91 17
47 24 48 26
148 28 150 29
14 59 19 59
17 14 18 16
69 3 70 5
142 25 142 29
101 50 101 54
61 35 61 39
90 27 90 31
143 53 147 53
151 50 155 50
144 18 144 22
26 57 30 57
124 34 124 38
5 55 6 56
5 53 6 54
4 35 5 36
19 1 22 1
148 34 151 34
100 58 101 59
139 19 139 22
38 25 39 26
73 39 76 39
143 51 144 52
159 43 160 44
64 5 65 6
7 48 8 49
46 16 47 17
28 5 31 5
55 26 56 27
121 50 122 51
158 43 158 45
90 24 90 26
43 0 45 0
115 12 115 14
102 57 102 59
133 16 133 18
